Length;GCD;LCM;BIN_GCD;EXT_GCD;BIN_EXT_GCD
1;0.000000
21;0.000000
41;0.000000
61;0.000000
81;0.015625
101;0.015625
121;0.015625
141;0.015625
161;0.015625
181;0.031250
201;0.015625
221;0.031250
241;0.031250
261;0.031250
281;0.031250
301;0.046875
321;0.031250
341;0.046875
361;0.031250
381;0.031250
401;0.062500
421;0.046875
441;0.031250
461;0.046875
481;0.062500
501;0.046875
521;0.046875
541;0.062500
561;0.046875
581;0.062500
601;0.062500
621;0.062500
641;0.062500
661;0.062500
681;0.062500
701;0.062500
721;0.078125
741;0.078125
761;0.078125
781;0.062500
801;0.093750
821;0.078125
841;0.093750
861;0.078125
881;0.078125
901;0.125000
921;0.093750
941;0.109375
961;0.093750
981;0.109375
1001;0.078125
1021;0.093750
1041;0.109375
1061;0.093750
1081;0.109375
1101;0.125000
1121;0.109375
1141;0.125000
1161;0.125000
1181;0.125000
1201;0.125000
1221;0.125000
1241;0.125000
1261;0.140625
1281;0.140625
1301;0.140625
1321;0.140625
1341;0.156250
1361;0.140625
1381;0.140625
1401;0.156250
1421;0.156250
1441;0.156250
1461;0.156250
1481;0.156250
1501;0.171875
1521;0.171875
1541;0.187500
1561;0.171875
1581;0.171875
1601;0.187500
1621;0.187500
1641;0.187500
1661;0.171875
1681;0.187500
1701;0.203125
1721;0.187500
1741;0.203125
1761;0.203125
1781;0.218750
1801;0.187500
1821;0.203125
1841;0.203125
1861;0.218750
1881;0.218750
1901;0.218750
1921;0.234375
1941;0.218750
1961;0.218750
1981;0.234375
2001;0.250000
2021;0.250000
2041;0.250000
2061;0.250000
2081;0.281250
2101;0.250000
2121;0.250000
2141;0.265625
2161;0.265625
2181;0.265625
2201;0.281250
2221;0.281250
2241;0.265625
2261;0.281250
2281;0.296875
2301;0.296875
2321;0.281250
2341;0.281250
2361;0.296875
2381;0.312500
2401;0.312500
2421;0.312500
2441;0.328125
2461;0.312500
2481;0.328125
2501;0.328125
2521;0.328125
2541;0.328125
2561;0.328125
2581;0.343750
2601;0.343750
2621;0.359375
2641;0.359375
2661;0.343750
2681;0.359375
2701;0.359375
2721;0.359375
2741;0.375000
2761;0.375000
2781;0.375000
2801;0.375000
2821;0.390625
2841;0.390625
2861;0.375000
2881;0.390625
2901;0.390625
2921;0.406250
2941;0.406250
2961;0.406250
2981;0.406250
3001;0.406250
3021;0.421875
3041;0.421875
3061;0.421875
3081;0.437500
3101;0.453125
3121;0.453125
3141;0.453125
3161;0.453125
3181;0.468750
3201;0.453125
3221;0.484375
3241;0.484375
3261;0.484375
3281;0.484375
3301;0.484375
3321;0.500000
3341;0.484375
3361;0.484375
3381;0.500000
3401;0.500000
3421;0.515625
3441;0.515625
3461;0.531250
3481;0.500000
3501;0.515625
3521;0.515625
3541;0.531250
3561;0.531250
3581;0.546875
3601;0.546875
3621;0.562500
3641;0.546875
3661;0.562500
3681;0.546875
3701;0.562500
3721;0.562500
3741;0.578125
3761;0.578125
3781;0.578125
3801;0.609375
3821;0.625000
3841;0.625000
3861;0.609375
3881;0.609375
3901;0.609375
3921;0.625000
3941;0.640625
3961;0.625000
3981;0.640625
4001;0.625000
4021;0.640625
4041;0.640625
4061;0.656250
4081;0.656250
4101;0.656250
4121;0.671875
4141;0.687500
4161;0.671875
4181;0.687500
4201;0.687500
4221;0.703125
4241;0.687500
4261;0.703125
4281;0.718750
4301;0.703125
4321;0.703125
4341;0.718750
4361;0.718750
4381;0.734375
4401;0.750000
4421;0.765625
4441;0.750000
4461;0.765625
4481;0.765625
4501;0.765625
4521;0.781250
4541;0.781250
4561;0.781250
4581;0.796875
4601;0.781250
4621;0.796875
4641;0.812500
4661;0.828125
4681;0.812500
4701;0.828125
4721;0.828125
4741;0.843750
4761;0.859375
4781;0.843750
4801;0.843750
4821;0.890625
4841;0.859375
4861;0.875000
4881;0.875000
4901;0.890625
4921;0.875000
4941;0.875000
4961;0.890625
4981;0.890625
5001;0.921875
5021;0.906250
5041;0.937500
5061;0.921875
5081;0.937500
5101;0.921875
5121;0.937500
5141;0.921875
5161;0.984375
5181;0.937500
5201;0.984375
5221;0.968750
5241;1.000000
5261;0.968750
5281;0.968750
5301;1.000000
5321;0.984375
5341;1.000000
5361;1.000000
5381;1.031250
5401;1.046875
5421;1.015625
5441;1.062500
5461;1.046875
5481;1.062500
5501;1.015625
5521;1.078125
5541;1.062500
5561;1.078125
5581;1.093750
5601;1.078125
5621;1.078125
5641;1.078125
5661;1.125000
5681;1.093750
5701;1.125000
5721;1.140625
5741;1.140625
5761;1.140625
5781;1.187500
5801;1.109375
5821;1.156250
5841;1.218750
5861;1.156250
5881;1.171875
5901;1.156250
5921;1.187500
5941;1.203125
5961;1.187500
5981;1.218750
6001;1.312500
6021;1.234375
6041;1.218750
6061;1.218750
6081;1.218750
6101;1.265625
6121;1.296875
6141;1.265625
6161;1.250000
6181;1.296875
6201;1.312500
6221;1.312500
6241;1.296875
6261;1.359375
6281;1.343750
6301;1.328125
6321;1.343750
6341;1.343750
6361;1.359375
6381;1.343750
6401;1.328125
6421;1.359375
6441;1.375000
6461;1.359375
6481;1.359375
6501;1.390625
6521;1.390625
6541;1.421875
6561;1.421875
6581;1.406250
6601;1.406250
6621;1.437500
6641;1.437500
6661;1.453125
6681;1.437500
6701;1.437500
6721;1.484375
6741;1.437500
6761;1.453125
6781;1.468750
6801;1.515625
6821;1.500000
6841;1.500000
6861;1.515625
6881;1.531250
6901;1.500000
6921;1.515625
6941;1.531250
6961;1.546875
6981;1.578125
7001;1.578125
7021;1.578125
7041;1.562500
7061;1.609375
7081;1.609375
7101;1.578125
7121;1.609375
7141;1.593750
7161;1.656250
7181;1.593750
7201;1.640625
7221;1.687500
7241;1.656250
7261;1.640625
7281;1.687500
7301;1.671875
7321;1.718750
7341;1.671875
7361;1.718750
7381;1.687500
7401;1.703125
7421;1.718750
7441;1.734375
7461;1.734375
7481;1.750000
7501;1.781250
7521;1.718750
7541;1.718750
7561;1.765625
7581;1.812500
7601;1.796875
7621;1.796875
7641;1.828125
7661;1.796875
7681;1.781250
7701;1.828125
7721;1.812500
7741;1.828125
7761;1.906250
7781;1.875000
7801;1.875000
7821;1.859375
7841;1.921875
7861;1.921875
7881;1.921875
7901;1.953125
7921;1.968750
7941;1.875000
7961;2.015625
7981;1.937500
8001;1.953125
8021;2.000000
8041;1.968750
8061;2.000000
8081;1.937500
8101;1.984375
8121;1.984375
8141;2.000000
8161;2.015625
8181;2.031250
8201;2.062500
8221;2.062500
8241;2.093750
8261;2.078125
8281;2.078125
8301;2.093750
8321;2.031250
8341;2.109375
8361;2.093750
8381;2.156250
8401;2.093750
8421;2.125000
8441;2.171875
8461;2.140625
8481;2.156250
8501;2.156250
8521;2.187500
8541;2.218750
8561;2.218750
8581;2.203125
8601;2.218750
8621;2.234375
8641;2.265625
8661;2.250000
8681;2.218750
8701;2.250000
8721;2.281250
8741;2.296875
8761;2.281250
8781;2.328125
8801;2.312500
8821;2.312500
8841;2.359375
8861;2.296875
8881;2.312500
8901;2.375000
8921;2.328125
8941;2.406250
8961;2.390625
8981;2.437500
9001;2.390625
9021;2.421875
9041;2.468750
9061;2.500000
9081;2.453125
9101;2.453125
9121;2.484375
9141;2.515625
9161;2.546875
9181;2.546875
9201;2.484375
9221;2.515625
9241;2.531250
9261;2.531250
9281;2.531250
9301;2.625000
9321;2.562500
9341;2.640625
9361;2.593750
9381;2.578125
9401;2.578125
9421;2.593750
9441;2.656250
9461;2.625000
9481;2.687500
9501;2.718750
9521;2.656250
9541;2.687500
9561;2.625000
9581;2.656250
9601;2.687500
9621;2.671875
9641;2.671875
9661;2.734375
9681;2.687500
9701;2.703125
9721;2.734375
9741;2.734375
9761;2.671875
9781;2.781250
9801;2.750000
9821;2.796875
9841;2.796875
9861;2.781250
9881;2.843750
9901;2.781250
9921;2.812500
9941;2.843750
9961;2.890625
9981;2.812500
10001;2.843750
10021;2.859375
10041;2.937500
10061;2.906250
10081;2.890625
10101;2.921875
10121;2.968750
10141;2.937500
10161;2.937500
10181;3.015625
10201;3.031250
10221;2.953125
10241;2.984375
10261;2.953125
10281;3.015625
10301;2.984375
10321;3.062500
10341;3.046875
10361;3.046875
10381;3.078125
10401;3.093750
10421;3.109375
10441;3.078125
10461;3.093750
10481;3.062500
10501;3.125000
10521;3.203125
10541;3.156250
10561;3.187500
10581;3.203125
10601;3.125000
10621;3.250000
10641;3.171875
10661;3.187500
10681;3.218750
10701;3.234375
10721;3.187500
10741;3.265625
10761;3.234375
10781;3.296875
10801;3.296875
10821;3.296875
10841;3.328125
10861;3.312500
10881;3.312500
10901;3.406250
10921;3.343750
10941;3.406250
10961;3.343750
10981;3.437500
11001;3.390625
11021;3.359375
11041;3.453125
11061;3.468750
11081;3.406250
11101;3.421875
11121;3.468750
11141;3.421875
11161;3.484375
11181;3.515625
11201;3.515625
11221;3.515625
11241;3.546875
11261;3.562500
11281;3.593750
11301;3.531250
11321;3.656250
11341;3.562500
11361;3.562500
11381;3.531250
11401;3.609375
11421;3.671875
11441;3.671875
11461;3.687500
11481;3.656250
11501;3.687500
11521;3.734375
11541;3.703125
11561;3.687500
11581;3.765625
11601;3.734375
11621;3.781250
11641;3.796875
11661;3.781250
11681;3.812500
11701;3.781250
11721;3.875000
11741;3.921875
11761;3.875000
11781;3.906250
11801;3.921875
11821;3.843750
11841;3.843750
11861;3.843750
11881;3.859375
11901;3.937500
11921;3.875000
11941;3.875000
11961;3.937500
11981;3.968750
12001;4.046875
12021;3.984375
12041;3.937500
12061;4.015625
12081;3.968750
12101;4.109375
12121;4.078125
12141;4.062500
12161;4.046875
12181;4.062500
12201;4.140625
12221;4.156250
12241;4.140625
12261;4.125000
12281;4.250000
12301;4.171875
12321;4.140625
12341;4.171875
12361;4.234375
12381;4.187500
12401;4.359375
12421;4.328125
12441;4.234375
12461;4.250000
12481;4.250000
12501;4.265625
12521;4.296875
12541;4.281250
12561;4.359375
12581;4.390625
12601;4.343750
12621;4.359375
12641;4.390625
12661;4.390625
12681;4.453125
12701;4.421875
12721;4.453125
12741;4.468750
12761;4.484375
12781;4.468750
12801;4.468750